0 72 gba_station_withindex id
1 64        0.299519116
1 65         0.29827024
1 18        0.182248416
1 2        0.292487257
2 69          0.1128453
2 64       0.0298072315
2 67       0.0594492819
2 65       0.0254343614
3 5        0.101937939
3 69       0.0693342529
3 4       0.0363586211
3 70        0.028531405
4 69        0.104384206
4 5       0.0715935331
4 70       0.0180964302
4 3       0.0363586211
5 3        0.101937939
5 70        0.073432031
5 4       0.0715935331
5 71       0.0612163659
6 51        0.102272706
6 50       0.0800596917
6 7        0.047924282
6 49       0.0629844503
7 51        0.105988703
7 6        0.047924282
7 50       0.0759633269
7 49       0.0446412983
8 53        0.067636049
8 54       0.0650797837
8 55       0.0368178218
8 56       0.0252300012
9 13        0.139286813
9 16       0.0395277199
9 11       0.0754089941
9 10       0.0343812136
10 13        0.108237495
10 16       0.0734929134
10 11       0.0417453725
10 9       0.0343812136
11 16        0.113221721
11 9       0.0754089941
11 10       0.0417453725
11 13       0.0682840237
12 40        0.149317972
12 11        0.128127269
12 39        0.111908811
12 13       0.0714576499
13 9        0.139286813
13 10        0.108237495
13 11       0.0682840237
13 12       0.0714576499
14 60        0.136271521
14 61        0.128591816
14 59       0.0919333986
14 58       0.0461104702
15 57        0.111959682
15 61        0.105791716
15 17        0.066936654
15 60       0.0987651059
16 57        0.156307272
16 11        0.113221721
16 9       0.0395277199
16 10       0.0734929134
17 61        0.139194879
17 60        0.135442132
17 15        0.066936654
17 62       0.0950667712
18 11        0.215222355
18 12        0.214600773
18 13        0.177280049
18 1        0.182248416
19 5        0.351346091
19 4         0.34676373
19 20       0.0806625058
19 21        0.333606042
20 5        0.429712838
20 4        0.420269633
20 19       0.0806625058
20 21         0.37492959
21 20         0.37492959
21 19        0.333606042
21 22          0.3081899
21 33        0.182994156
22 19        0.498125685
22 33        0.487973374
22 21          0.3081899
22 20         0.48742716
23 39        0.237516968
23 40        0.230509611
23 24       0.0539054289
23 38         0.15723889
24 39        0.187914694
24 40        0.186524728
24 38        0.109500492
24 23       0.0539054289
25 30        0.145755854
25 68       0.0492077008
25 28                  0
25 66       0.0465534655
28 30        0.145755854
28 68       0.0492077008
28 25                  0
28 66       0.0465534655
29 68        0.165998883
29 72        0.157334098
29 73        0.153276574
29 30        0.144763854
30 31        0.117476975
30 68          0.1013325
30 32       0.0901301907
30 74       0.0851743197
31 68        0.184663358
31 74       0.0721109775
31 30        0.117476975
31 32       0.0695608874
32 73        0.139266451
32 30       0.0901301907
32 74      0.00538977255
32 31       0.0695608874
33 74        0.236655734
33 32          0.2335089
33 21        0.182994156
33 73        0.221008248
34 48        0.919381123
34 36        0.861021055
34 35        0.406964445
34 37        0.845793403
35 48        0.568134674
35 36        0.503960694
35 34        0.406964445
35 37         0.44099505
36 7         0.44704665
36 6        0.424997375
36 48       0.0650784185
36 37        0.253050267
37 49        0.274847566
37 36        0.253050267
37 6        0.230401435
37 7        0.230875873
38 23         0.15723889
38 24        0.109500492
38 39       0.0806656193
38 40       0.0785652466
39 41        0.144127002
39 12        0.111908811
39 38       0.0806656193
39 40       0.0449255282
40 12        0.149317972
40 41        0.108971328
40 39       0.0449255282
40 38       0.0785652466
41 43        0.165844154
41 39        0.144127002
41 42       0.0524077423
41 40        0.108971328
42 39        0.193238787
42 40        0.160729317
42 41       0.0524077423
42 43        0.114381692
43 44        0.221864585
43 41        0.165844154
43 47        0.128078561
43 42        0.114381692
44 43        0.221864585
44 47        0.101038431
44 45        0.036084516
44 46       0.0636287547
45 43        0.255452979
45 47        0.130942972
45 44        0.036084516
45 46       0.0301304548
46 43        0.274963733
46 47        0.147676729
46 44       0.0636287547
46 45       0.0301304548
47 46        0.147676729
47 45        0.130942972
47 44        0.101038431
47 43        0.128078561
48 7        0.470911209
48 6        0.443214415
48 36       0.0650784185
48 37        0.298420344
49 51       0.0633733887
49 6       0.0629844503
49 50       0.0325817062
49 7       0.0446412983
50 6       0.0800596917
50 7       0.0759633269
50 51       0.0308174702
50 49       0.0325817062
51 53       0.0732181959
51 49       0.0633733887
51 50       0.0308174702
51 52       0.0522379504
52 51       0.0522379504
52 55       0.0512352425
52 53       0.0214094521
52 54        0.023860402
53 8        0.067636049
53 55       0.0308215879
53 54      0.00256329321
53 52       0.0214094521
54 8       0.0650797837
54 55       0.0282680449
54 53      0.00256329321
54 52        0.023860402
55 56       0.0445143759
55 8       0.0368178218
55 53       0.0308215879
55 54       0.0282680449
56 54       0.0699469702
56 57       0.0549344175
56 55       0.0445143759
56 8       0.0252300012
57 15        0.111959682
57 55       0.0992110589
57 56       0.0549344175
57 8       0.0742644806
58 60       0.0902571431
58 61       0.0827386219
58 59       0.0461014194
58 14       0.0461104702
59 14       0.0919333986
59 58       0.0461014194
59 61       0.0366662352
59 60       0.0444277275
60 15       0.0987651059
60 58       0.0902571431
60 59       0.0444277275
60 61      0.00878074749
61 15        0.105791716
61 58       0.0827386219
61 59       0.0366662352
61 60      0.00878074749
62 60        0.223050221
62 16        0.203077572
62 15        0.160802924
62 17       0.0950667712
63 67        0.174728296
63 65        0.142373281
63 64       0.0882408464
63 2        0.117974424
64 63       0.0882408464
64 67       0.0874238822
64 2       0.0298072315
64 65       0.0542736547
65 69         0.08741391
65 64       0.0542736547
65 67       0.0340812021
65 2       0.0254343614
66 30         0.18269421
66 68       0.0940318909
66 28       0.0465534655
66 25       0.0465534655
67 64       0.0874238822
67 2       0.0594492819
67 65       0.0340812021
67 69       0.0536864083
68 30          0.1013325
68 66       0.0940318909
68 25       0.0492077008
68 28       0.0492077008
69 70       0.0975370588
69 65         0.08741391
69 67       0.0536864083
69 3       0.0693342529
70 69       0.0975370588
70 5        0.073432031
70 4       0.0180964302
70 3        0.028531405
71 70        0.132467611
71 73         0.10533961
71 72       0.0454541438
71 5       0.0612163659
72 29        0.157334098
72 5        0.106669215
72 71       0.0454541438
72 73       0.0600501776
73 32        0.139266451
73 74        0.136475928
73 71         0.10533961
73 72       0.0600501776
74 73        0.136475928
74 30       0.0851743197
74 32      0.00538977255
74 31       0.0721109775
